$ANSIBLE_VAULT;1.1;AES256
36313632356232653437303465383933313334313763663734616433626134383063356365326461
6633353266303138323633643537666165663362306439630a303232363634303363373939343937
30383433353665363764663234626562623263353034303334653232613537323762363666623162
3633656665333538320a646436333434316432393863346439353133613865616131353132613933
63653630343665353231626331666534623337323738646637303338646430313033646530316662
65343662376362386539636636666637303039353135656335633035613733356463383939373031
30363966363735303764643966336638626161643163386130306239343839386165636230316464
63353135613234653939376262353734313265613161373037326239343637646533663731393336
65303237643939373661633632333766613533396262306132396565393831306565623566346330
65393731316536363132393038663566316436343538653830343364666664653163353366656632
34393033643930646362643030323433613062303063323436396437313133383163383433346564
63323031663631343163346337636535613063326431663332623834316238653835323366313938
61323230646435343534643930333966366661636138386231373637396430353930363235353166
65383534316264623737326261633762663236613731626334306638376162356530643730623339
35396262386466343033653737306664306335663938306437383962353837306233313833346632
31643936396631373239616339386465303039303830633162656465613935656431373837363663
66383262653238643438613733643136393031303330653431633037313937393866366531626366
39343139383331636165313333653638616633393038393639323432356331383534623361363334
30336533643533623362663461333663363130373663323064316635353539376239663839386535
30636638343033386338643632633732363530316462386232376236366132333761633131346366
32646635623638396162303365386433663039663036393630383632393538613635643934313833
62366264376338353063636230633164633631386661333632336661303335336531636532633338
30376366653639303237393034626437353936333863346236633534643735386630363336316636
31396633626638646266346666653761616166383239616332383162633334303630366135306562
64643837346131366164343539623362356235313539643333636538356630386239613630663236
66313539626331356339376538343663633863316238623237373935623938303761393334336131
38333466323634396130373863326661326566316335653538613435383534306366663538626662
64656364303966633231643164396230633461336137616565643863356333343637653537613131
39333962616335656535636263393761313731643162356433646634313765616637393362363933
62623731376362313764663364653035653134666265616162323231383964626538306235333232
35656334663166623439366437326166623838316366653862393136316563336332346262313335
64353636373466343134313337373134353063386366373639353835343432306463636630386635
36323436363539306230396538343933333566396135353964393336353036373632333634343435
31356238336234316663633863343734376532386438376438313764646633636162353631393630
333865393133656538346437306366633631
